x,r,u,p,e
0.003125, 1, -4.50751e-16, 1, 2.5
0.009375, 1, 1.44884e-15, 1, 2.5
0.015625, 1, -2.37366e-15, 1, 2.5
0.021875, 1, -3.29126e-14, 1, 2.5
0.028125, 1, -4.74698e-14, 1, 2.5
0.034375, 1, 9.63463e-14, 1, 2.5
0.040625, 1, 3.30789e-13, 1, 2.5
0.046875, 1, -8.45224e-14, 1, 2.5
0.053125, 1, -1.62379e-12, 1, 2.5
0.059375, 1, -1.42502e-12, 1, 2.5
0.065625, 1, 5.79189e-12, 1, 2.5
0.071875, 1, 1.3224e-11, 1, 2.5
0.078125, 1, -9.99576e-12, 1, 2.5
0.084375, 1, -7.01688e-11, 1, 2.5
0.090625, 1, -4.3321e-11, 1, 2.5
0.096875, 1, 2.4516e-10, 1, 2.5
0.103125, 1, 4.95631e-10, 1, 2.5
0.109375, 1, -3.71884e-10, 1, 2.5
0.115625, 1, -2.51709e-09, 1, 2.5
0.121875, 1, -1.89878e-09, 1, 2.5
0.128125, 1, 7.35724e-09, 1, 2.5
0.134375, 1, 1.76949e-08, 1, 2.5
0.140625, 1, -2.93249e-09, 1, 2.5
0.146875, 1, -7.08594e-08, 1, 2.5
0.153125, 1, -9.41844e-08, 1, 2.5
0.159375, 1, 1.15019e-07, 1, 2.5
0.165625, 1, 5.14181e-07, 0.999999, 2.5
0.171875, 1, 4.12127e-07, 1, 2.5
0.178125, 1, -1.08929e-06, 1, 2.5
0.184375, 1, -3.16073e-06, 1, 2.5
0.190625, 1, -1.70105e-06, 1, 2.5
0.196875, 0.999994, 7.41786e-06, 0.999991, 2.49999
0.203125, 0.999984, 1.91782e-05, 0.999977, 2.49998
0.209375, 0.999988, 1.4045e-05, 0.999983, 2.49999
0.215625, 1.00002, -2.65952e-05, 1.00003, 2.50002
0.221875, 1.00007, -8.10361e-05, 1.0001, 2.50007
0.228125, 1.00004, -5.14822e-05, 1.00006, 2.50004
0.234375, 0.99979, 0.000248852, 0.999705, 2.49979
0.240625, 0.999044, 0.00113101, 0.998661, 2.49904
0.246875, 0.99733, 0.0031614, 0.996264, 2.49733
0.253125, 0.993706, 0.00746533, 0.991201, 2.4937
0.259375, 0.986574, 0.0159714, 0.981259, 2.48653
0.265625, 0.975058, 0.0298068, 0.965264, 2.47489
0.271875, 0.959933, 0.0481813, 0.94437, 2.45947
0.278125, 0.942555, 0.0695858, 0.920523, 2.44156
0.284375, 0.924048, 0.0927315, 0.895317, 2.42227
0.290625, 0.905102, 0.116813, 0.869722, 2.40228
0.296875, 0.886069, 0.141414, 0.844223, 2.38194
0.303125, 0.867115, 0.166337, 0.819048, 2.36142
0.309375, 0.848326, 0.191477, 0.794308, 2.34081
0.315625, 0.829751, 0.216773, 0.770062, 2.32016
0.321875, 0.811419, 0.242186, 0.746347, 2.29951
0.328125, 0.793349, 0.267689, 0.72318, 2.27888
0.334375, 0.775555, 0.293261, 0.700572, 2.25829
0.340625, 0.758044, 0.318888, 0.678525, 2.23775
0.346875, 0.740822, 0.344559, 0.65704, 2.21727
0.353125, 0.723891, 0.370266, 0.636111, 2.19685
0.359375, 0.707252, 0.396002, 0.615734, 2.1765
0.365625, 0.690906, 0.421761, 0.595902, 2.15623
0.371875, 0.674853, 0.447538, 0.576606, 2.13604
0.378125, 0.65909, 0.473329, 0.557838, 2.11594
0.384375, 0.643618, 0.499131, 0.539589, 2.09592
0.390625, 0.628433, 0.524939, 0.521849, 2.07599
0.396875, 0.613534, 0.550752, 0.504609, 2.05616
0.403125, 0.598919, 0.576564, 0.487859, 2.03641
0.409375, 0.584586, 0.602373, 0.471591, 2.01677
0.415625, 0.570533, 0.628174, 0.455795, 1.99723
0.421875, 0.556759, 0.653961, 0.440461, 1.97779
0.428125, 0.543262, 0.679728, 0.425583, 1.95846
0.434375, 0.530043, 0.70547, 0.411157, 1.93926
0.440625, 0.517102, 0.731161, 0.397169, 1.92017
0.446875, 0.504455, 0.756794, 0.383629, 1.90121
0.453125, 0.492091, 0.78234, 0.370545, 1.8825
0.459375, 0.480043, 0.807655, 0.357893, 1.86386
0.465625, 0.468448, 0.832801, 0.345818, 1.84555
0.471875, 0.457157, 0.85722, 0.334319, 1.82825
0.478125, 0.446895, 0.880132, 0.323691, 1.81078
0.484375, 0.438304, 0.901023, 0.315104, 1.79729
0.490625, 0.430728, 0.914123, 0.308128, 1.78842
0.496875, 0.428381, 0.923178, 0.304665, 1.778
0.503125, 0.427301, 0.929159, 0.303761, 1.77721
0.509375, 0.42527, 0.928974, 0.302411, 1.77776
0.515625, 0.424598, 0.928504, 0.301732, 1.77657
0.521875, 0.425246, 0.929574, 0.301895, 1.77482
0.528125, 0.425914, 0.930895, 0.302349, 1.77471
0.534375, 0.425592, 0.930678, 0.30239, 1.77629
0.540625, 0.424909, 0.929307, 0.302102, 1.77745
0.546875, 0.425029, 0.928307, 0.30209, 1.77688
0.553125, 0.426007, 0.928467, 0.30257, 1.77562
0.559375, 0.426651, 0.928867, 0.30306, 1.77581
0.565625, 0.426268, 0.928501, 0.303112, 1.77771
0.571875, 0.425578, 0.927564, 0.302833, 1.77895
0.578125, 0.425639, 0.927114, 0.302752, 1.77822
0.584375, 0.426489, 0.927493, 0.303057, 1.77646
0.590625, 0.427047, 0.927906, 0.303389, 1.77609
0.596875, 0.426552, 0.92763, 0.303389, 1.77815
0.603125, 0.425694, 0.92693, 0.303152, 1.78034
0.609375, 0.425625, 0.926649, 0.303066, 1.78012
0.615625, 0.426606, 0.92706, 0.303276, 1.77726
0.621875, 0.427445, 0.927498, 0.303502, 1.7751
0.628125, 0.426905, 0.927336, 0.303457, 1.77707
0.634375, 0.425432, 0.926793, 0.303221, 1.78184
0.640625, 0.424681, 0.926604, 0.30311, 1.78434
0.646875, 0.425205, 0.927058, 0.30326, 1.78302
0.653125, 0.425897, 0.927589, 0.303435, 1.78115
0.659375, 0.425728, 0.927586, 0.303372, 1.78149
0.665625, 0.423229, 0.927189, 0.303132, 1.79059
0.671875, 0.414951, 0.927025, 0.302992, 1.82547
0.678125, 0.390609, 0.927372, 0.303075, 1.93976
0.684375, 0.344657, 0.927887, 0.303227, 2.19948
0.690625, 0.298493, 0.928143, 0.303281, 2.5401
0.696875, 0.271943, 0.927936, 0.303181, 2.78718
0.703125, 0.263885, 0.927436, 0.302996, 2.87053
0.709375, 0.262055, 0.927043, 0.302852, 2.8892
0.715625, 0.262471, 0.927128, 0.302874, 2.88482
0.721875, 0.263826, 0.927725, 0.30307, 2.87188
0.728125, 0.265354, 0.928434, 0.30331, 2.8576
0.734375, 0.266363, 0.928721, 0.303414, 2.84775
0.740625, 0.266554, 0.928252, 0.303269, 2.84435
0.746875, 0.266256, 0.927332, 0.302975, 2.84477
0.753125, 0.265872, 0.926606, 0.302748, 2.84675
0.759375, 0.265703, 0.926694, 0.302796, 2.84901
0.765625, 0.26581, 0.927636, 0.303133, 2.85102
0.771875, 0.266005, 0.928784, 0.303537, 2.85273
0.778125, 0.266059, 0.929329, 0.303739, 2.85406
0.784375, 0.265785, 0.928506, 0.303479, 2.85455
0.790625, 0.265294, 0.926753, 0.302907, 2.85445
0.796875, 0.264922, 0.925489, 0.302497, 2.85459
0.803125, 0.264977, 0.925996, 0.302683, 2.85575
0.809375, 0.265335, 0.927581, 0.303226, 2.85701
0.815625, 0.26573, 0.928995, 0.303712, 2.85733
0.821875, 0.266017, 0.929687, 0.30395, 2.85649
0.828125, 0.266044, 0.929162, 0.303779, 2.85459
0.834375, 0.265332, 0.925451, 0.302537, 2.85055
0.840625, 0.261762, 0.908348, 0.296811, 2.83474
0.846875, 0.24319, 0.814682, 0.267575, 2.75068
0.853125, 0.176839, 0.418543, 0.169182, 2.39176
0.859375, 0.131734, 0.0579074, 0.107877, 2.04725
0.865625, 0.125629, 0.00546862, 0.100708, 2.00406
0.871875, 0.125035, 0.00045432, 0.100039, 2.00023
0.878125, 0.124996, -6.64081e-05, 0.0999954, 1.99997
0.884375, 0.125001, 6.69688e-06, 0.100001, 2
0.890625, 0.125001, 9.86723e-06, 0.100001, 2.00001
0.896875, 0.125, -5.38069e-07, 0.0999999, 2
0.903125, 0.125, -8.80842e-07, 0.0999999, 2
0.909375, 0.125, 1.69509e-07, 0.1, 2
0.915625, 0.125, 9.16851e-08, 0.1, 2
0.921875, 0.125, -2.55997e-08, 0.1, 2
0.928125, 0.125, -7.94967e-09, 0.1, 2
0.934375, 0.125, 3.59433e-09, 0.1, 2
0.940625, 0.125, 6.02166e-10, 0.1, 2
0.946875, 0.125, -4.53195e-10, 0.1, 2
0.953125, 0.125, -2.9489e-11, 0.1, 2
0.959375, 0.125, 5.34323e-11, 0.1, 2
0.965625, 0.125, -1.14015e-12, 0.1, 2
0.971875, 0.125, -5.89307e-12, 0.1, 2
0.978125, 0.125, 6.21184e-13, 0.1, 2
0.984375, 0.125, 6.09047e-13, 0.1, 2
0.990625, 0.125, -1.17727e-13, 0.1, 2
0.996875, 0.125, -5.4956e-14, 0.1, 2
