x,r,u,p,e
0.000390625, 1, 0, 1, 2.5
0.00117188, 1, 0, 1, 2.5
0.00195312, 1, 0, 1, 2.5
0.00273438, 1, 0, 1, 2.5
0.00351563, 1, 0, 1, 2.5
0.00429688, 1, 0, 1, 2.5
0.00507813, 1, 0, 1, 2.5
0.00585938, 1, 0, 1, 2.5
0.00664063, 1, 0, 1, 2.5
0.00742188, 1, 0, 1, 2.5
0.00820313, 1, 0, 1, 2.5
0.00898438, 1, 0, 1, 2.5
0.00976562, 1, 0, 1, 2.5
0.0105469, 1, 0, 1, 2.5
0.0113281, 1, 0, 1, 2.5
0.0121094, 1, 0, 1, 2.5
0.0128906, 1, 0, 1, 2.5
0.0136719, 1, 0, 1, 2.5
0.0144531, 1, 0, 1, 2.5
0.0152344, 1, 0, 1, 2.5
0.0160156, 1, 0, 1, 2.5
0.0167969, 1, 0, 1, 2.5
0.0175781, 1, 0, 1, 2.5
0.0183594, 1, 0, 1, 2.5
0.0191406, 1, 0, 1, 2.5
0.0199219, 1, 0, 1, 2.5
0.0207031, 1, 0, 1, 2.5
0.0214844, 1, 0, 1, 2.5
0.0222656, 1, 0, 1, 2.5
0.0230469, 1, 0, 1, 2.5
0.0238281, 1, 0, 1, 2.5
0.0246094, 1, 0, 1, 2.5
0.0253906, 1, 0, 1, 2.5
0.0261719, 1, 0, 1, 2.5
0.0269531, 1, 0, 1, 2.5
0.0277344, 1, 0, 1, 2.5
0.0285156, 1, 0, 1, 2.5
0.0292969, 1, 0, 1, 2.5
0.0300781, 1, 0, 1, 2.5
0.0308594, 1, 0, 1, 2.5
0.0316406, 1, 0, 1, 2.5
0.0324219, 1, 0, 1, 2.5
0.0332031, 1, 0, 1, 2.5
0.0339844, 1, 0, 1, 2.5
0.0347656, 1, 0, 1, 2.5
0.0355469, 1, 0, 1, 2.5
0.0363281, 1, 0, 1, 2.5
0.0371094, 1, 0, 1, 2.5
0.0378906, 1, 0, 1, 2.5
0.0386719, 1, 0, 1, 2.5
0.0394531, 1, 0, 1, 2.5
0.0402344, 1, 0, 1, 2.5
0.0410156, 1, 0, 1, 2.5
0.0417969, 1, 0, 1, 2.5
0.0425781, 1, 0, 1, 2.5
0.0433594, 1, 0, 1, 2.5
0.0441406, 1, 0, 1, 2.5
0.0449219, 1, 0, 1, 2.5
0.0457031, 1, 0, 1, 2.5
0.0464844, 1, 0, 1, 2.5
0.0472656, 1, 0, 1, 2.5
0.0480469, 1, 0, 1, 2.5
0.0488281, 1, 0, 1, 2.5
0.0496094, 1, 0, 1, 2.5
0.0503906, 1, 0, 1, 2.5
0.0511719, 1, 0, 1, 2.5
0.0519531, 1, 0, 1, 2.5
0.0527344, 1, 0, 1, 2.5
0.0535156, 1, 0, 1, 2.5
0.0542969, 1, 0, 1, 2.5
0.0550781, 1, 0, 1, 2.5
0.0558594, 1, 0, 1, 2.5
0.0566406, 1, 0, 1, 2.5
0.0574219, 1, 0, 1, 2.5
0.0582031, 1, 0, 1, 2.5
0.0589844, 1, 0, 1, 2.5
0.0597656, 1, 0, 1, 2.5
0.0605469, 1, 0, 1, 2.5
0.0613281, 1, 0, 1, 2.5
0.0621094, 1, 0, 1, 2.5
0.0628906, 1, 0, 1, 2.5
0.0636719, 1, 0, 1, 2.5
0.0644531, 1, 0, 1, 2.5
0.0652344, 1, 0, 1, 2.5
0.0660156, 1, 0, 1, 2.5
0.0667969, 1, 0, 1, 2.5
0.0675781, 1, 0, 1, 2.5
0.0683594, 1, 0, 1, 2.5
0.0691406, 1, 0, 1, 2.5
0.0699219, 1, 0, 1, 2.5
0.0707031, 1, 0, 1, 2.5
0.0714844, 1, 0, 1, 2.5
0.0722656, 1, 0, 1, 2.5
0.0730469, 1, 0, 1, 2.5
0.0738281, 1, 0, 1, 2.5
0.0746094, 1, 0, 1, 2.5
0.0753906, 1, 0, 1, 2.5
0.0761719, 1, 0, 1, 2.5
0.0769531, 1, 0, 1, 2.5
0.0777344, 1, 0, 1, 2.5
0.0785156, 1, 0, 1, 2.5
0.0792969, 1, 0, 1, 2.5
0.0800781, 1, 0, 1, 2.5
0.0808594, 1, 0, 1, 2.5
0.0816406, 1, 0, 1, 2.5
0.0824219, 1, 0, 1, 2.5
0.0832031, 1, 0, 1, 2.5
0.0839844, 1, 0, 1, 2.5
0.0847656, 1, 0, 1, 2.5
0.0855469, 1, 0, 1, 2.5
0.0863281, 1, 0, 1, 2.5
0.0871094, 1, 0, 1, 2.5
0.0878906, 1, 0, 1, 2.5
0.0886719, 1, 0, 1, 2.5
0.0894531, 1, 0, 1, 2.5
0.0902344, 1, 0, 1, 2.5
0.0910156, 1, 0, 1, 2.5
0.0917969, 1, 0, 1, 2.5
0.0925781, 1, 0, 1, 2.5
0.0933594, 1, 0, 1, 2.5
0.0941406, 1, 0, 1, 2.5
0.0949219, 1, 0, 1, 2.5
0.0957031, 1, 0, 1, 2.5
0.0964844, 1, 0, 1, 2.5
0.0972656, 1, 0, 1, 2.5
0.0980469, 1, 0, 1, 2.5
0.0988281, 1, 0, 1, 2.5
0.0996094, 1, 0, 1, 2.5
0.100391, 1, 0, 1, 2.5
0.101172, 1, 0, 1, 2.5
0.101953, 1, 0, 1, 2.5
0.102734, 1, 0, 1, 2.5
0.103516, 1, 0, 1, 2.5
0.104297, 1, 0, 1, 2.5
0.105078, 1, 0, 1, 2.5
0.105859, 1, 0, 1, 2.5
0.106641, 1, 0, 1, 2.5
0.107422, 1, 0, 1, 2.5
0.108203, 1, 0, 1, 2.5
0.108984, 1, 0, 1, 2.5
0.109766, 1, 0, 1, 2.5
0.110547, 1, 0, 1, 2.5
0.111328, 1, 0, 1, 2.5
0.112109, 1, 0, 1, 2.5
0.112891, 1, 0, 1, 2.5
0.113672, 1, 0, 1, 2.5
0.114453, 1, 0, 1, 2.5
0.115234, 1, 0, 1, 2.5
0.116016, 1, 0, 1, 2.5
0.116797, 1, 0, 1, 2.5
0.117578, 1, 0, 1, 2.5
0.118359, 1, 0, 1, 2.5
0.119141, 1, 0, 1, 2.5
0.119922, 1, 0, 1, 2.5
0.120703, 1, 0, 1, 2.5
0.121484, 1, 0, 1, 2.5
0.122266, 1, 0, 1, 2.5
0.123047, 1, 0, 1, 2.5
0.123828, 1, 0, 1, 2.5
0.124609, 1, 0, 1, 2.5
0.125391, 1, 0, 1, 2.5
0.126172, 1, 0, 1, 2.5
0.126953, 1, 0, 1, 2.5
0.127734, 1, 0, 1, 2.5
0.128516, 1, 0, 1, 2.5
0.129297, 1, 0, 1, 2.5
0.130078, 1, 7.32747e-17, 1, 2.5
0.130859, 1, 1.85407e-16, 1, 2.5
0.131641, 1, 1.34448e-15, 1, 2.5
0.132422, 1, 5.00155e-15, 1, 2.5
0.133203, 1, 1.06959e-14, 1, 2.5
0.133984, 1, 1.69753e-14, 1, 2.5
0.134766, 1, 2.33547e-14, 1, 2.5
0.135547, 1, 2.9764e-14, 1, 2.5
0.136328, 1, 3.61733e-14, 1, 2.5
0.137109, 1, 4.25937e-14, 1, 2.5
0.137891, 1, 4.90119e-14, 1, 2.5
0.138672, 1, 5.54268e-14, 1, 2.5
0.139453, 1, 6.18205e-14, 1, 2.5
0.140234, 1, 6.82221e-14, 1, 2.5
0.141016, 1, 7.4617e-14, 1, 2.5
0.141797, 1, 8.10152e-14, 1, 2.5
0.142578, 1, 8.74145e-14, 1, 2.5
0.143359, 1, 9.38238e-14, 1, 2.5
0.144141, 1, 1.00233e-13, 1, 2.5
0.144922, 1, 1.0665e-13, 1, 2.5
0.145703, 1, 1.1307e-13, 1, 2.5
0.146484, 1, 1.19487e-13, 1, 2.5
0.147266, 1, 1.25882e-13, 1, 2.5
0.148047, 1, 1.32278e-13, 1, 2.5
0.148828, 1, 1.38676e-13, 1, 2.5
0.149609, 1, 1.45072e-13, 1, 2.5
0.150391, 1, 1.51472e-13, 1, 2.5
0.151172, 1, 1.57881e-13, 1, 2.5
0.151953, 1, 1.64294e-13, 1, 2.5
0.152734, 1, 1.70708e-13, 1, 2.5
0.153516, 1, 1.77129e-13, 1, 2.5
0.154297, 1, 1.83543e-13, 1, 2.5
0.155078, 1, 1.89939e-13, 1, 2.5
0.155859, 1, 1.96336e-13, 1, 2.5
0.156641, 1, 2.0275e-13, 1, 2.5
0.157422, 1, 2.09225e-13, 1, 2.5
0.158203, 1, 2.1584e-13, 1, 2.5
0.158984, 1, 2.23493e-13, 1, 2.5
0.159766, 1, 2.35486e-13, 1, 2.5
0.160547, 1, 2.54345e-13, 1, 2.5
0.161328, 1, 2.83007e-13, 1, 2.5
0.162109, 1, 3.26807e-13, 1, 2.5
0.162891, 1, 3.92046e-13, 1, 2.5
0.163672, 1, 4.88047e-13, 1, 2.5
0.164453, 1, 6.27445e-13, 1, 2.5
0.165234, 1, 8.28255e-13, 1, 2.5
0.166016, 1, 1.11572e-12, 1, 2.5
0.166797, 1, 1.52498e-12, 1, 2.5
0.167578, 1, 2.10507e-12, 1, 2.5
0.168359, 1, 2.9239e-12, 1, 2.5
0.169141, 1, 4.07604e-12, 1, 2.5
0.169922, 1, 5.69235e-12, 1, 2.5
0.170703, 1, 7.95316e-12, 1, 2.5
0.171484, 1, 1.11067e-11, 1, 2.5
0.172266, 1, 1.54934e-11, 1, 2.5
0.173047, 1, 2.15801e-11, 1, 2.5
0.173828, 1, 3.00037e-11, 1, 2.5
0.174609, 1, 4.16316e-11, 1, 2.5
0.175391, 1, 5.76416e-11, 1, 2.5
0.176172, 1, 7.963e-11, 1, 2.5
0.176953, 1, 1.09753e-10, 1, 2.5
0.177734, 1, 1.50914e-10, 1, 2.5
0.178516, 1, 2.07018e-10, 1, 2.5
0.179297, 1, 2.83296e-10, 1, 2.5
0.180078, 1, 3.86739e-10, 1, 2.5
0.180859, 1, 5.26665e-10, 1, 2.5
0.181641, 1, 7.15461e-10, 1, 2.5
0.182422, 1, 9.69543e-10, 1, 2.5
0.183203, 1, 1.31062e-09, 1, 2.5
0.183984, 1, 1.76728e-09, 1, 2.5
0.184766, 1, 2.37716e-09, 1, 2.5
0.185547, 1, 3.18953e-09, 1, 2.5
0.186328, 1, 4.26883e-09, 1, 2.5
0.187109, 1, 5.69907e-09, 1, 2.5
0.187891, 1, 7.58941e-09, 1, 2.5
0.188672, 1, 1.00813e-08, 1, 2.5
0.189453, 1, 1.33577e-08, 1, 2.5
0.190234, 1, 1.76542e-08, 1, 2.5
0.191016, 1, 2.32735e-08, 1, 2.5
0.191797, 1, 3.06035e-08, 1, 2.5
0.192578, 1, 4.01396e-08, 1, 2.5
0.193359, 1, 5.25129e-08, 1, 2.5
0.194141, 1, 6.85247e-08, 1, 2.5
0.194922, 1, 8.91894e-08, 1, 2.5
0.195703, 1, 1.15788e-07, 1, 2.5
0.196484, 1, 1.49931e-07, 1, 2.5
0.197266, 1, 1.9364e-07, 1, 2.5
0.198047, 1, 2.49445e-07, 1, 2.5
0.198828, 1, 3.20499e-07, 1, 2.5
0.199609, 1, 4.10721e-07, 1, 2.5
0.200391, 1, 5.24969e-07, 0.999999, 2.5
0.201172, 0.999999, 6.69243e-07, 0.999999, 2.5
0.201953, 0.999999, 8.50931e-07, 0.999999, 2.5
0.202734, 0.999999, 1.0791e-06, 0.999999, 2.5
0.203516, 0.999999, 1.36485e-06, 0.999998, 2.5
0.204297, 0.999999, 1.72172e-06, 0.999998, 2.5
0.205078, 0.999998, 2.16614e-06, 0.999997, 2.5
0.205859, 0.999998, 2.71806e-06, 0.999997, 2.5
0.206641, 0.999997, 3.40154e-06, 0.999996, 2.5
0.207422, 0.999996, 4.24554e-06, 0.999995, 2.5
0.208203, 0.999996, 5.2848e-06, 0.999994, 2.5
0.208984, 0.999994, 6.56084e-06, 0.999992, 2.49999
0.209766, 0.999993, 8.12314e-06, 0.99999, 2.49999
0.210547, 0.999992, 1.00304e-05, 0.999988, 2.49999
0.211328, 0.99999, 1.23521e-05, 0.999985, 2.49999
0.212109, 0.999987, 1.517e-05, 0.999982, 2.49999
0.212891, 0.999984, 1.85804e-05, 0.999978, 2.49998
0.213672, 0.999981, 2.26956e-05, 0.999973, 2.49998
0.214453, 0.999977, 2.76469e-05, 0.999967, 2.49998
0.215234, 0.999972, 3.35866e-05, 0.99996, 2.49997
0.216016, 0.999966, 4.06908e-05, 0.999952, 2.49997
0.216797, 0.999958, 4.91629e-05, 0.999942, 2.49996
0.217578, 0.99995, 5.92359e-05, 0.99993, 2.49995
0.218359, 0.99994, 7.11767e-05, 0.999916, 2.49994
0.219141, 0.999928, 8.52891e-05, 0.999899, 2.49993
0.219922, 0.999914, 0.000101918, 0.999879, 2.49991
0.220703, 0.999897, 0.000121453, 0.999856, 2.4999
0.221484, 0.999878, 0.000144332, 0.999829, 2.49988
0.222266, 0.999855, 0.000171047, 0.999798, 2.49986
0.223047, 0.999829, 0.000202144, 0.999761, 2.49983
0.223828, 0.999799, 0.000238234, 0.999718, 2.4998
0.224609, 0.999763, 0.000279989, 0.999669, 2.49976
0.225391, 0.999723, 0.00032815, 0.999612, 2.49972
0.226172, 0.999676, 0.000383528, 0.999546, 2.49968
0.226953, 0.999622, 0.000447011, 0.999471, 2.49962
0.227734, 0.999561, 0.000519559, 0.999385, 2.49956
0.228516, 0.999491, 0.000602212, 0.999288, 2.49949
0.229297, 0.999412, 0.000696087, 0.999177, 2.49941
0.230078, 0.999322, 0.00080238, 0.999051, 2.49932
0.230859, 0.999221, 0.000922362, 0.998909, 2.49922
0.231641, 0.999107, 0.00105738, 0.99875, 2.49911
0.232422, 0.998979, 0.00120886, 0.998571, 2.49898
0.233203, 0.998836, 0.00137828, 0.99837, 2.49884
0.233984, 0.998676, 0.0015672, 0.998147, 2.49868
0.234766, 0.998499, 0.00177722, 0.997899, 2.4985
0.235547, 0.998302, 0.00201, 0.997624, 2.4983
0.236328, 0.998085, 0.00226724, 0.99732, 2.49808
0.237109, 0.997846, 0.00255066, 0.996986, 2.49785
0.237891, 0.997583, 0.00286201, 0.996619, 2.49758
0.238672, 0.997296, 0.00320305, 0.996216, 2.49729
0.239453, 0.996982, 0.00357555, 0.995777, 2.49698
0.240234, 0.996639, 0.00398124, 0.995299, 2.49664
0.241016, 0.996268, 0.00442184, 0.99478, 2.49627
0.241797, 0.995866, 0.00489905, 0.994218, 2.49586
0.242578, 0.995432, 0.00541449, 0.993611, 2.49543
0.243359, 0.994964, 0.00596975, 0.992958, 2.49496
0.244141, 0.994462, 0.00656631, 0.992256, 2.49446
0.244922, 0.993924, 0.00720562, 0.991505, 2.49392
0.245703, 0.993349, 0.00788899, 0.990703, 2.49334
0.246484, 0.992737, 0.00861767, 0.989848, 2.49272
0.247266, 0.992085, 0.00939277, 0.988939, 2.49207
0.248047, 0.991395, 0.0102153, 0.987975, 2.49138
0.248828, 0.990664, 0.0110862, 0.986956, 2.49064
0.249609, 0.989892, 0.0120062, 0.98588, 2.48987
0.250391, 0.989079, 0.012976, 0.984747, 2.48905
0.251172, 0.988224, 0.013996, 0.983556, 2.48819
0.251953, 0.987328, 0.0150668, 0.982308, 2.48729
0.252734, 0.986389, 0.0161885, 0.981001, 2.48634
0.253516, 0.985409, 0.0173614, 0.979637, 2.48536
0.254297, 0.984386, 0.0185855, 0.978215, 2.48433
0.255078, 0.983322, 0.0198606, 0.976735, 2.48325
0.255859, 0.982216, 0.0211867, 0.975198, 2.48214
0.256641, 0.981069, 0.0225634, 0.973605, 2.48098
0.257422, 0.979881, 0.0239904, 0.971956, 2.47978
0.258203, 0.978653, 0.0254672, 0.970251, 2.47854
0.258984, 0.977385, 0.0269932, 0.968493, 2.47726
0.259766, 0.976078, 0.0285678, 0.966682, 2.47593
0.260547, 0.974733, 0.0301903, 0.964818, 2.47457
0.261328, 0.973351, 0.0318599, 0.962904, 2.47317
0.262109, 0.971931, 0.0335758, 0.96094, 2.47173
0.262891, 0.970476, 0.0353371, 0.958927, 2.47025
0.263672, 0.968986, 0.037143, 0.956868, 2.46874
0.264453, 0.967461, 0.0389924, 0.954762, 2.46718
0.265234, 0.965904, 0.0408845, 0.952613, 2.4656
0.266016, 0.964314, 0.0428181, 0.95042, 2.46398
0.266797, 0.962693, 0.0447922, 0.948186, 2.46232
0.267578, 0.961042, 0.0468059, 0.945911, 2.46064
0.268359, 0.959362, 0.0488581, 0.943598, 2.45892
0.269141, 0.957653, 0.0509477, 0.941248, 2.45717
0.269922, 0.955917, 0.0530737, 0.938862, 2.45539
0.270703, 0.954155, 0.055235, 0.936441, 2.45359
0.271484, 0.952368, 0.0574306, 0.933988, 2.45175
0.272266, 0.950556, 0.0596595, 0.931503, 2.44989
0.273047, 0.94872, 0.0619207, 0.928988, 2.448
0.273828, 0.946863, 0.0642131, 0.926444, 2.44609
0.274609, 0.944983, 0.0665357, 0.923873, 2.44415
0.275391, 0.943083, 0.0688877, 0.921275, 2.44219
0.276172, 0.941163, 0.071268, 0.918653, 2.44021
0.276953, 0.939224, 0.0736757, 0.916007, 2.4382
0.277734, 0.937268, 0.0761099, 0.913338, 2.43617
0.278516, 0.935293, 0.0785697, 0.910648, 2.43412
0.279297, 0.933303, 0.0810543, 0.907938, 2.43206
0.280078, 0.931296, 0.0835628, 0.905209, 2.42997
0.280859, 0.929275, 0.0860944, 0.902461, 2.42786
0.281641, 0.927239, 0.0886484, 0.899697, 2.42574
0.282422, 0.92519, 0.0912238, 0.896917, 2.4236
0.283203, 0.923127, 0.0938201, 0.894122, 2.42145
0.283984, 0.921053, 0.0964365, 0.891312, 2.41928
0.284766, 0.918967, 0.0990723, 0.88849, 2.41709
0.285547, 0.91687, 0.101727, 0.885655, 2.41489
0.286328, 0.914762, 0.104399, 0.882809, 2.41267
0.287109, 0.912645, 0.107089, 0.879952, 2.41045
0.287891, 0.910518, 0.109796, 0.877085, 2.4082
0.288672, 0.908383, 0.112519, 0.874209, 2.40595
0.289453, 0.906239, 0.115258, 0.871325, 2.40368
0.290234, 0.904087, 0.118012, 0.868433, 2.40141
0.291016, 0.901928, 0.120781, 0.865534, 2.39912
0.291797, 0.899763, 0.123563, 0.862628, 2.39682
0.292578, 0.897591, 0.12636, 0.859717, 2.39451
0.293359, 0.895412, 0.129169, 0.8568, 2.39219
0.294141, 0.893229, 0.131991, 0.853879, 2.38987
0.294922, 0.89104, 0.134826, 0.850954, 2.38753
0.295703, 0.888846, 0.137672, 0.848025, 2.38519
0.296484, 0.886648, 0.14053, 0.845093, 2.38283
0.297266, 0.884445, 0.143399, 0.842158, 2.38047
0.298047, 0.882239, 0.146279, 0.839221, 2.3781
0.298828, 0.880029, 0.149169, 0.836283, 2.37573
0.299609, 0.877816, 0.152069, 0.833343, 2.37334
0.300391, 0.8756, 0.154978, 0.830402, 2.37095
0.301172, 0.873381, 0.157897, 0.827461, 2.36856
0.301953, 0.87116, 0.160825, 0.824519, 2.36615
0.302734, 0.868937, 0.163762, 0.821578, 2.36374
0.303516, 0.866712, 0.166708, 0.818637, 2.36133
0.304297, 0.864486, 0.169661, 0.815698, 2.35891
0.305078, 0.862258, 0.172623, 0.812759, 2.35648
0.305859, 0.860029, 0.175592, 0.809822, 2.35405
0.306641, 0.857799, 0.178569, 0.806886, 2.35162
0.307422, 0.855568, 0.181553, 0.803953, 2.34918
0.308203, 0.853336, 0.184543, 0.801022, 2.34674
0.308984, 0.851104, 0.187541, 0.798093, 2.34429
0.309766, 0.848872, 0.190545, 0.795167, 2.34183
0.310547, 0.84664, 0.193556, 0.792245, 2.33938
0.311328, 0.844408, 0.196573, 0.789325, 2.33692
0.312109, 0.842177, 0.199596, 0.786409, 2.33445
0.312891, 0.839945, 0.202624, 0.783497, 2.33199
0.313672, 0.837715, 0.205659, 0.780588, 2.32952
0.314453, 0.835485, 0.208698, 0.777684, 2.32704
0.315234, 0.833256, 0.211743, 0.774784, 2.32457
0.316016, 0.831028, 0.214794, 0.771888, 2.32209
0.316797, 0.828801, 0.217849, 0.768996, 2.31961
0.317578, 0.826575, 0.220909, 0.76611, 2.31712
0.318359, 0.824351, 0.223974, 0.763228, 2.31463
0.319141, 0.822128, 0.227043, 0.760351, 2.31214
0.319922, 0.819906, 0.230117, 0.757479, 2.30965
0.320703, 0.817687, 0.233196, 0.754613, 2.30716
0.321484, 0.815469, 0.236278, 0.751752, 2.30466
0.322266, 0.813253, 0.239365, 0.748896, 2.30216
0.323047, 0.811039, 0.242456, 0.746047, 2.29966
0.323828, 0.808827, 0.24555, 0.743202, 2.29716
0.324609, 0.806617, 0.248648, 0.740364, 2.29466
0.325391, 0.804409, 0.25175, 0.737532, 2.29215
0.326172, 0.802204, 0.254856, 0.734705, 2.28965
0.326953, 0.8, 0.257965, 0.731885, 2.28714
0.327734, 0.7978, 0.261078, 0.729071, 2.28463
0.328516, 0.795602, 0.264194, 0.726263, 2.28212
0.329297, 0.793406, 0.267313, 0.723462, 2.27961
0.330078, 0.791213, 0.270435, 0.720667, 2.27709
0.330859, 0.789023, 0.27356, 0.717879, 2.27458
0.331641, 0.786836, 0.276689, 0.715097, 2.27207
0.332422, 0.784651, 0.27982, 0.712322, 2.26955
0.333203, 0.782469, 0.282954, 0.709553, 2.26703
0.333984, 0.780291, 0.286091, 0.706792, 2.26451
0.334766, 0.778115, 0.28923, 0.704037, 2.262
0.335547, 0.775942, 0.292373, 0.701289, 2.25948
0.336328, 0.773772, 0.295517, 0.698548, 2.25696
0.337109, 0.771606, 0.298665, 0.695814, 2.25444
0.337891, 0.769442, 0.301814, 0.693088, 2.25192
0.338672, 0.767282, 0.304967, 0.690368, 2.24939
0.339453, 0.765125, 0.308121, 0.687655, 2.24687
0.340234, 0.762971, 0.311278, 0.68495, 2.24435
0.341016, 0.760821, 0.314437, 0.682252, 2.24183
0.341797, 0.758674, 0.317599, 0.679561, 2.2393
0.342578, 0.75653, 0.320762, 0.676877, 2.23678
0.343359, 0.75439, 0.323928, 0.674201, 2.23426
0.344141, 0.752254, 0.327095, 0.671532, 2.23173
0.344922, 0.75012, 0.330265, 0.66887, 2.22921
0.345703, 0.747991, 0.333436, 0.666216, 2.22668
0.346484, 0.745865, 0.33661, 0.663569, 2.22416
0.347266, 0.743742, 0.339785, 0.66093, 2.22164
0.348047, 0.741623, 0.342962, 0.658298, 2.21911
0.348828, 0.739508, 0.346141, 0.655674, 2.21659
0.349609, 0.737396, 0.349322, 0.653057, 2.21406
0.350391, 0.735289, 0.352505, 0.650448, 2.21154
0.351172, 0.733184, 0.355689, 0.647846, 2.20902
0.351953, 0.731084, 0.358875, 0.645252, 2.20649
0.352734, 0.728987, 0.362062, 0.642666, 2.20397
0.353516, 0.726894, 0.365251, 0.640087, 2.20144
0.354297, 0.724805, 0.368442, 0.637516, 2.19892
0.355078, 0.72272, 0.371634, 0.634952, 2.1964
0.355859, 0.720638, 0.374827, 0.632396, 2.19388
0.356641, 0.718561, 0.378022, 0.629848, 2.19135
0.357422, 0.716487, 0.381219, 0.627308, 2.18883
0.358203, 0.714417, 0.384417, 0.624775, 2.18631
0.358984, 0.712351, 0.387616, 0.62225, 2.18379
0.359766, 0.710289, 0.390816, 0.619732, 2.18127
0.360547, 0.708231, 0.394018, 0.617222, 2.17875
0.361328, 0.706177, 0.397222, 0.61472, 2.17623
0.362109, 0.704127, 0.400426, 0.612226, 2.17371
0.362891, 0.702081, 0.403632, 0.609739, 2.17119
0.363672, 0.700038, 0.406839, 0.607261, 2.16867
0.364453, 0.698, 0.410047, 0.604789, 2.16615
0.365234, 0.695966, 0.413256, 0.602326, 2.16363
0.366016, 0.693936, 0.416467, 0.59987, 2.16112
0.366797, 0.69191, 0.419678, 0.597422, 2.1586
0.367578, 0.689888, 0.422891, 0.594982, 2.15608
0.368359, 0.68787, 0.426105, 0.592549, 2.15357
0.369141, 0.685855, 0.42932, 0.590125, 2.15105
0.369922, 0.683846, 0.432536, 0.587708, 2.14854
0.370703, 0.68184, 0.435753, 0.585298, 2.14603
0.371484, 0.679838, 0.438971, 0.582897, 2.14351
0.372266, 0.67784, 0.44219, 0.580503, 2.141
0.373047, 0.675847, 0.44541, 0.578117, 2.13849
0.373828, 0.673857, 0.448631, 0.575738, 2.13598
0.374609, 0.671872, 0.451853, 0.573367, 2.13347
0.375391, 0.66989, 0.455075, 0.571004, 2.13096
0.376172, 0.667913, 0.458299, 0.568649, 2.12845
0.376953, 0.66594, 0.461524, 0.566301, 2.12595
0.377734, 0.663971, 0.464749, 0.563961, 2.12344
0.378516, 0.662007, 0.467976, 0.561629, 2.12093
0.379297, 0.660046, 0.471203, 0.559304, 2.11843
0.380078, 0.65809, 0.474431, 0.556987, 2.11592
0.380859, 0.656137, 0.47766, 0.554678, 2.11342
0.381641, 0.654189, 0.480889, 0.552376, 2.11092
0.382422, 0.652245, 0.48412, 0.550082, 2.10842
0.383203, 0.650306, 0.487351, 0.547796, 2.10592
0.383984, 0.64837, 0.490583, 0.545517, 2.10342
0.384766, 0.646438, 0.493816, 0.543246, 2.10092
0.385547, 0.644511, 0.497049, 0.540982, 2.09842
0.386328, 0.642588, 0.500283, 0.538726, 2.09592
0.387109, 0.640669, 0.503518, 0.536478, 2.09343
0.387891, 0.638754, 0.506754, 0.534237, 2.09093
0.388672, 0.636844, 0.50999, 0.532003, 2.08844
0.389453, 0.634937, 0.513227, 0.529778, 2.08594
0.390234, 0.633035, 0.516465, 0.527559, 2.08345
0.391016, 0.631137, 0.519703, 0.525349, 2.08096
0.391797, 0.629243, 0.522942, 0.523146, 2.07847
0.392578, 0.627354, 0.526181, 0.52095, 2.07598
0.393359, 0.625468, 0.529422, 0.518762, 2.07349
0.394141, 0.623587, 0.532662, 0.516581, 2.07101
0.394922, 0.62171, 0.535904, 0.514408, 2.06852
0.395703, 0.619837, 0.539146, 0.512242, 2.06604
0.396484, 0.617968, 0.542388, 0.510084, 2.06355
0.397266, 0.616104, 0.545631, 0.507933, 2.06107
0.398047, 0.614244, 0.548875, 0.50579, 2.05859
0.398828, 0.612387, 0.552119, 0.503654, 2.05611
0.399609, 0.610536, 0.555363, 0.501525, 2.05363
0.400391, 0.608688, 0.558609, 0.499404, 2.05115
0.401172, 0.606844, 0.561854, 0.49729, 2.04867
0.401953, 0.605005, 0.565101, 0.495183, 2.04619
0.402734, 0.60317, 0.568347, 0.493084, 2.04372
0.403516, 0.601339, 0.571594, 0.490992, 2.04125
0.404297, 0.599512, 0.574842, 0.488908, 2.03877
0.405078, 0.59769, 0.57809, 0.48683, 2.0363
0.405859, 0.595871, 0.581339, 0.48476, 2.03383
0.406641, 0.594057, 0.584588, 0.482698, 2.03136
0.407422, 0.592247, 0.587837, 0.480642, 2.02889
0.408203, 0.590441, 0.591087, 0.478594, 2.02643
0.408984, 0.58864, 0.594337, 0.476553, 2.02396
0.409766, 0.586842, 0.597588, 0.47452, 2.0215
0.410547, 0.585049, 0.600839, 0.472493, 2.01903
0.411328, 0.58326, 0.60409, 0.470474, 2.01657
0.412109, 0.581475, 0.607342, 0.468462, 2.01411
0.412891, 0.579694, 0.610594, 0.466457, 2.01165
0.413672, 0.577918, 0.613846, 0.464459, 2.00919
0.414453, 0.576145, 0.617099, 0.462468, 2.00673
0.415234, 0.574377, 0.620352, 0.460485, 2.00428
0.416016, 0.572613, 0.623606, 0.458508, 2.00182
0.416797, 0.570853, 0.62686, 0.456539, 1.99937
0.417578, 0.569098, 0.630114, 0.454577, 1.99692
0.418359, 0.567346, 0.633368, 0.452621, 1.99447
0.419141, 0.565599, 0.636623, 0.450673, 1.99202
0.419922, 0.563856, 0.639878, 0.448732, 1.98957
0.420703, 0.562117, 0.643133, 0.446798, 1.98712
0.421484, 0.560382, 0.646388, 0.444871, 1.98468
0.422266, 0.558652, 0.649644, 0.442951, 1.98223
0.423047, 0.556925, 0.6529, 0.441038, 1.97979
0.423828, 0.555203, 0.656156, 0.439132, 1.97735
0.424609, 0.553485, 0.659413, 0.437232, 1.97491
0.425391, 0.551771, 0.662669, 0.43534, 1.97247
0.426172, 0.550061, 0.665926, 0.433455, 1.97003
0.426953, 0.548355, 0.669183, 0.431576, 1.96759
0.427734, 0.546654, 0.67244, 0.429705, 1.96516
0.428516, 0.544956, 0.675697, 0.42784, 1.96273
0.429297, 0.543263, 0.678954, 0.425982, 1.96029
0.430078, 0.541574, 0.682212, 0.424131, 1.95786
0.430859, 0.539889, 0.685469, 0.422287, 1.95544
0.431641, 0.538208, 0.688727, 0.42045, 1.95301
0.432422, 0.536532, 0.691985, 0.41862, 1.95058
0.433203, 0.534859, 0.695242, 0.416796, 1.94816
0.433984, 0.533191, 0.6985, 0.414979, 1.94573
0.434766, 0.531527, 0.701758, 0.413169, 1.94331
0.435547, 0.529867, 0.705016, 0.411366, 1.94089
0.436328, 0.528211, 0.708274, 0.409569, 1.93847
0.437109, 0.52656, 0.711532, 0.40778, 1.93606
0.437891, 0.524912, 0.714789, 0.405997, 1.93364
0.438672, 0.523269, 0.718047, 0.40422, 1.93123
0.439453, 0.52163, 0.721305, 0.402451, 1.92881
0.440234, 0.519995, 0.724562, 0.400688, 1.9264
0.441016, 0.518364, 0.72782, 0.398932, 1.92399
0.441797, 0.516737, 0.731077, 0.397182, 1.92159
0.442578, 0.515115, 0.734334, 0.395439, 1.91918
0.443359, 0.513497, 0.737591, 0.393703, 1.91677
0.444141, 0.511883, 0.740848, 0.391973, 1.91437
0.444922, 0.510273, 0.744104, 0.390251, 1.91197
0.445703, 0.508667, 0.747361, 0.388534, 1.90957
0.446484, 0.507065, 0.750616, 0.386825, 1.90717
0.447266, 0.505468, 0.753872, 0.385122, 1.90478
0.448047, 0.503875, 0.757127, 0.383426, 1.90238
0.448828, 0.502286, 0.760382, 0.381736, 1.89999
0.449609, 0.500702, 0.763636, 0.380053, 1.8976
0.450391, 0.499121, 0.76689, 0.378376, 1.89521
0.451172, 0.497545, 0.770143, 0.376707, 1.89283
0.451953, 0.495973, 0.773396, 0.375043, 1.89044
0.452734, 0.494406, 0.776648, 0.373387, 1.88806
0.453516, 0.492843, 0.779899, 0.371737, 1.88568
0.454297, 0.491284, 0.78315, 0.370094, 1.8833
0.455078, 0.489729, 0.7864, 0.368457, 1.88092
0.455859, 0.488179, 0.789649, 0.366827, 1.87855
0.456641, 0.486633, 0.792897, 0.365204, 1.87618
0.457422, 0.485092, 0.796144, 0.363587, 1.87381
0.458203, 0.483555, 0.799389, 0.361977, 1.87144
0.458984, 0.482022, 0.802634, 0.360374, 1.86907
0.459766, 0.480494, 0.805877, 0.358777, 1.86671
0.460547, 0.478971, 0.809119, 0.357188, 1.86435
0.461328, 0.477452, 0.812359, 0.355605, 1.86199
0.462109, 0.475938, 0.815598, 0.354029, 1.85964
0.462891, 0.474428, 0.818835, 0.352459, 1.85728
0.463672, 0.472924, 0.82207, 0.350897, 1.85494
0.464453, 0.471424, 0.825302, 0.349342, 1.85259
0.465234, 0.469929, 0.828533, 0.347794, 1.85025
0.466016, 0.468439, 0.83176, 0.346252, 1.84791
0.466797, 0.466954, 0.834985, 0.344719, 1.84557
0.467578, 0.465474, 0.838207, 0.343192, 1.84324
0.468359, 0.464, 0.841425, 0.341673, 1.84091
0.469141, 0.462531, 0.84464, 0.340161, 1.83859
0.469922, 0.461068, 0.84785, 0.338657, 1.83627
0.470703, 0.45961, 0.851056, 0.337161, 1.83395
0.471484, 0.458159, 0.854257, 0.335673, 1.83164
0.472266, 0.456714, 0.857452, 0.334193, 1.82934
0.473047, 0.455275, 0.860641, 0.332722, 1.82704
0.473828, 0.453843, 0.863822, 0.331259, 1.82475
0.474609, 0.452418, 0.866996, 0.329806, 1.82246
0.475391, 0.451001, 0.87016, 0.328362, 1.82019
0.476172, 0.449592, 0.873314, 0.326929, 1.81792
0.476953, 0.448192, 0.876457, 0.325506, 1.81566
0.477734, 0.446801, 0.879586, 0.324094, 1.81341
0.478516, 0.445421, 0.8827, 0.322695, 1.81118
0.479297, 0.444052, 0.885795, 0.321309, 1.80896
0.480078, 0.442695, 0.88887, 0.319937, 1.80676
0.480859, 0.441353, 0.891921, 0.318581, 1.80457
0.481641, 0.440026, 0.894943, 0.317243, 1.80241
0.482422, 0.438717, 0.897931, 0.315924, 1.80027
0.483203, 0.437429, 0.900879, 0.314628, 1.79816
0.483984, 0.436165, 0.903779, 0.313357, 1.79609
0.484766, 0.434929, 0.90662, 0.312116, 1.79406
0.485547, 0.433727, 0.909391, 0.31091, 1.79209
0.486328, 0.432564, 0.912076, 0.309745, 1.79017
0.487109, 0.431448, 0.914657, 0.308629, 1.78833
0.487891, 0.43039, 0.917112, 0.307571, 1.78658
0.488672, 0.429399, 0.919412, 0.306582, 1.78495
0.489453, 0.42849, 0.921527, 0.305675, 1.78344
0.490234, 0.427676, 0.923423, 0.304864, 1.7821
0.491016, 0.426972, 0.925065, 0.304163, 1.78093
0.491797, 0.42639, 0.926424, 0.303584, 1.77997
0.492578, 0.425938, 0.92748, 0.303135, 1.77922
0.493359, 0.425615, 0.928234, 0.302815, 1.77869
0.494141, 0.425411, 0.928709, 0.302613, 1.77836
0.494922, 0.425305, 0.928954, 0.302509, 1.77819
0.495703, 0.425271, 0.92903, 0.302477, 1.77814
0.496484, 0.425282, 0.929001, 0.302489, 1.77817
0.497266, 0.425316, 0.928919, 0.302524, 1.77823
0.498047, 0.425357, 0.928818, 0.302567, 1.77831
0.498828, 0.425399, 0.928717, 0.30261, 1.77839
0.499609, 0.425437, 0.928623, 0.30265, 1.77846
0.500391, 0.425472, 0.928538, 0.302686, 1.77853
0.501172, 0.425504, 0.928461, 0.302719, 1.77859
0.501953, 0.425532, 0.928391, 0.302749, 1.77865
0.502734, 0.425558, 0.928327, 0.302776, 1.7787
0.503516, 0.425581, 0.928268, 0.302801, 1.77875
0.504297, 0.425602, 0.928215, 0.302823, 1.77879
0.505078, 0.425621, 0.928166, 0.302844, 1.77884
0.505859, 0.425639, 0.928121, 0.302863, 1.77887
0.506641, 0.425655, 0.928079, 0.302881, 1.77891
0.507422, 0.42567, 0.92804, 0.302898, 1.77895
0.508203, 0.425684, 0.928005, 0.302913, 1.77898
0.508984, 0.425696, 0.927972, 0.302927, 1.77901
0.509766, 0.425707, 0.927942, 0.30294, 1.77904
0.510547, 0.425717, 0.927914, 0.302952, 1.77906
0.511328, 0.425727, 0.927887, 0.302963, 1.77909
0.512109, 0.425736, 0.927863, 0.302973, 1.77912
0.512891, 0.425743, 0.927841, 0.302983, 1.77914
0.513672, 0.425751, 0.92782, 0.302992, 1.77916
0.514453, 0.425757, 0.9278, 0.303, 1.77918
0.515234, 0.425763, 0.927782, 0.303008, 1.7792
0.516016, 0.425769, 0.927765, 0.303015, 1.77922
0.516797, 0.425773, 0.927749, 0.303022, 1.77924
0.517578, 0.425778, 0.927734, 0.303028, 1.77926
0.518359, 0.425782, 0.927721, 0.303034, 1.77928
0.519141, 0.425786, 0.927708, 0.303039, 1.7793
0.519922, 0.425789, 0.927696, 0.303045, 1.77931
0.520703, 0.425792, 0.927684, 0.303049, 1.77933
0.521484, 0.425794, 0.927674, 0.303054, 1.77934
0.522266, 0.425797, 0.927664, 0.303058, 1.77936
0.523047, 0.425799, 0.927654, 0.303062, 1.77938
0.523828, 0.4258, 0.927646, 0.303066, 1.77939
0.524609, 0.425802, 0.927637, 0.303069, 1.7794
0.525391, 0.425803, 0.92763, 0.303073, 1.77942
0.526172, 0.425804, 0.927622, 0.303076, 1.77943
0.526953, 0.425805, 0.927616, 0.303079, 1.77945
0.527734, 0.425806, 0.927609, 0.303082, 1.77946
0.528516, 0.425806, 0.927603, 0.303084, 1.77947
0.529297, 0.425807, 0.927597, 0.303087, 1.77949
0.530078, 0.425807, 0.927592, 0.303089, 1.7795
0.530859, 0.425807, 0.927587, 0.303091, 1.77951
0.531641, 0.425807, 0.927582, 0.303093, 1.77952
0.532422, 0.425806, 0.927578, 0.303095, 1.77954
0.533203, 0.425806, 0.927573, 0.303097, 1.77955
0.533984, 0.425806, 0.927569, 0.303099, 1.77956
0.534766, 0.425805, 0.927565, 0.303101, 1.77957
0.535547, 0.425804, 0.927562, 0.303102, 1.77959
0.536328, 0.425803, 0.927558, 0.303104, 1.7796
0.537109, 0.425802, 0.927555, 0.303105, 1.77961
0.537891, 0.425801, 0.927552, 0.303106, 1.77962
0.538672, 0.4258, 0.927549, 0.303108, 1.77964
0.539453, 0.425799, 0.927546, 0.303109, 1.77965
0.540234, 0.425798, 0.927543, 0.30311, 1.77966
0.541016, 0.425796, 0.927541, 0.303111, 1.77967
0.541797, 0.425795, 0.927539, 0.303112, 1.77968
0.542578, 0.425793, 0.927536, 0.303113, 1.7797
0.543359, 0.425792, 0.927534, 0.303114, 1.77971
0.544141, 0.42579, 0.927532, 0.303115, 1.77972
0.544922, 0.425788, 0.92753, 0.303116, 1.77973
0.545703, 0.425786, 0.927528, 0.303117, 1.77975
0.546484, 0.425785, 0.927527, 0.303118, 1.77976
0.547266, 0.425783, 0.927525, 0.303118, 1.77977
0.548047, 0.425781, 0.927523, 0.303119, 1.77978
0.548828, 0.425779, 0.927522, 0.30312, 1.7798
0.549609, 0.425776, 0.92752, 0.30312, 1.77981
0.550391, 0.425774, 0.927519, 0.303121, 1.77982
0.551172, 0.425772, 0.927518, 0.303122, 1.77984
0.551953, 0.42577, 0.927516, 0.303122, 1.77985
0.552734, 0.425767, 0.927515, 0.303123, 1.77986
0.553516, 0.425765, 0.927514, 0.303123, 1.77988
0.554297, 0.425762, 0.927513, 0.303124, 1.77989
0.555078, 0.42576, 0.927512, 0.303124, 1.7799
0.555859, 0.425757, 0.927511, 0.303125, 1.77992
0.556641, 0.425755, 0.92751, 0.303125, 1.77993
0.557422, 0.425752, 0.927509, 0.303126, 1.77994
0.558203, 0.425749, 0.927508, 0.303126, 1.77996
0.558984, 0.425746, 0.927507, 0.303126, 1.77997
0.559766, 0.425743, 0.927506, 0.303127, 1.77999
0.560547, 0.42574, 0.927506, 0.303127, 1.78
0.561328, 0.425737, 0.927505, 0.303127, 1.78001
0.562109, 0.425734, 0.927504, 0.303128, 1.78003
0.562891, 0.425731, 0.927504, 0.303128, 1.78004
0.563672, 0.425728, 0.927503, 0.303128, 1.78006
0.564453, 0.425725, 0.927502, 0.303129, 1.78007
0.565234, 0.425722, 0.927502, 0.303129, 1.78009
0.566016, 0.425718, 0.927501, 0.303129, 1.7801
0.566797, 0.425715, 0.927501, 0.30313, 1.78012
0.567578, 0.425712, 0.9275, 0.30313, 1.78014
0.568359, 0.425708, 0.9275, 0.30313, 1.78015
0.569141, 0.425705, 0.927499, 0.30313, 1.78017
0.569922, 0.425701, 0.927499, 0.303131, 1.78018
0.570703, 0.425698, 0.927498, 0.303131, 1.7802
0.571484, 0.425694, 0.927498, 0.303131, 1.78022
0.572266, 0.42569, 0.927497, 0.303131, 1.78023
0.573047, 0.425686, 0.927497, 0.303131, 1.78025
0.573828, 0.425682, 0.927497, 0.303132, 1.78027
0.574609, 0.425678, 0.927496, 0.303132, 1.78029
0.575391, 0.425674, 0.927496, 0.303132, 1.7803
0.576172, 0.42567, 0.927496, 0.303132, 1.78032
0.576953, 0.425666, 0.927495, 0.303132, 1.78034
0.577734, 0.425662, 0.927495, 0.303132, 1.78036
0.578516, 0.425658, 0.927495, 0.303133, 1.78038
0.579297, 0.425654, 0.927495, 0.303133, 1.7804
0.580078, 0.425649, 0.927494, 0.303133, 1.78042
0.580859, 0.425645, 0.927494, 0.303133, 1.78044
0.581641, 0.42564, 0.927494, 0.303133, 1.78045
0.582422, 0.425636, 0.927494, 0.303133, 1.78048
0.583203, 0.425631, 0.927493, 0.303134, 1.7805
0.583984, 0.425626, 0.927493, 0.303134, 1.78052
0.584766, 0.425621, 0.927493, 0.303134, 1.78054
0.585547, 0.425616, 0.927493, 0.303134, 1.78056
0.586328, 0.425611, 0.927493, 0.303134, 1.78058
0.587109, 0.425606, 0.927492, 0.303134, 1.7806
0.587891, 0.425601, 0.927492, 0.303134, 1.78062
0.588672, 0.425596, 0.927492, 0.303134, 1.78065
0.589453, 0.425591, 0.927492, 0.303134, 1.78067
0.590234, 0.425585, 0.927492, 0.303135, 1.78069
0.591016, 0.42558, 0.927492, 0.303135, 1.78072
0.591797, 0.425574, 0.927491, 0.303135, 1.78074
0.592578, 0.425568, 0.927491, 0.303135, 1.78077
0.593359, 0.425563, 0.927491, 0.303135, 1.78079
0.594141, 0.425557, 0.927491, 0.303135, 1.78082
0.594922, 0.425551, 0.927491, 0.303135, 1.78084
0.595703, 0.425545, 0.927491, 0.303135, 1.78087
0.596484, 0.425538, 0.927491, 0.303135, 1.78089
0.597266, 0.425532, 0.927491, 0.303135, 1.78092
0.598047, 0.425526, 0.927491, 0.303136, 1.78095
0.598828, 0.425519, 0.927491, 0.303136, 1.78098
0.599609, 0.425512, 0.92749, 0.303136, 1.781
0.600391, 0.425506, 0.92749, 0.303136, 1.78103
0.601172, 0.425499, 0.92749, 0.303136, 1.78106
0.601953, 0.425492, 0.92749, 0.303136, 1.78109
0.602734, 0.425484, 0.92749, 0.303136, 1.78112
0.603516, 0.425477, 0.92749, 0.303136, 1.78115
0.604297, 0.42547, 0.92749, 0.303136, 1.78119
0.605078, 0.425462, 0.92749, 0.303136, 1.78122
0.605859, 0.425454, 0.92749, 0.303136, 1.78125
0.606641, 0.425446, 0.92749, 0.303136, 1.78128
0.607422, 0.425438, 0.92749, 0.303136, 1.78132
0.608203, 0.42543, 0.92749, 0.303137, 1.78135
0.608984, 0.425422, 0.92749, 0.303137, 1.78139
0.609766, 0.425413, 0.92749, 0.303137, 1.78143
0.610547, 0.425404, 0.92749, 0.303137, 1.78146
0.611328, 0.425395, 0.92749, 0.303137, 1.7815
0.612109, 0.425386, 0.92749, 0.303137, 1.78154
0.612891, 0.425377, 0.92749, 0.303137, 1.78158
0.613672, 0.425367, 0.927489, 0.303137, 1.78162
0.614453, 0.425357, 0.927489, 0.303137, 1.78166
0.615234, 0.425348, 0.927489, 0.303137, 1.7817
0.616016, 0.425337, 0.927489, 0.303137, 1.78175
0.616797, 0.425327, 0.927489, 0.303137, 1.78179
0.617578, 0.425316, 0.927489, 0.303137, 1.78184
0.618359, 0.425305, 0.927489, 0.303137, 1.78188
0.619141, 0.425294, 0.927489, 0.303137, 1.78193
0.619922, 0.425282, 0.927489, 0.303138, 1.78198
0.620703, 0.425271, 0.927489, 0.303138, 1.78203
0.621484, 0.425259, 0.927489, 0.303138, 1.78208
0.622266, 0.425246, 0.927489, 0.303138, 1.78213
0.623047, 0.425234, 0.927489, 0.303138, 1.78218
0.623828, 0.42522, 0.927489, 0.303138, 1.78224
0.624609, 0.425207, 0.927489, 0.303138, 1.7823
0.625391, 0.425193, 0.927489, 0.303138, 1.78235
0.626172, 0.425179, 0.927489, 0.303138, 1.78241
0.626953, 0.425165, 0.927489, 0.303138, 1.78247
0.627734, 0.42515, 0.927489, 0.303138, 1.78254
0.628516, 0.425134, 0.927489, 0.303138, 1.7826
0.629297, 0.425118, 0.927489, 0.303138, 1.78267
0.630078, 0.425102, 0.927489, 0.303138, 1.78274
0.630859, 0.425085, 0.927489, 0.303138, 1.78281
0.631641, 0.425067, 0.927489, 0.303138, 1.78288
0.632422, 0.425049, 0.927489, 0.303138, 1.78296
0.633203, 0.425031, 0.927489, 0.303138, 1.78304
0.633984, 0.425011, 0.927489, 0.303138, 1.78312
0.634766, 0.424991, 0.927489, 0.303139, 1.78321
0.635547, 0.42497, 0.92749, 0.303139, 1.78329
0.636328, 0.424948, 0.92749, 0.303139, 1.78339
0.637109, 0.424925, 0.92749, 0.303139, 1.78348
0.637891, 0.424901, 0.92749, 0.303139, 1.78358
0.638672, 0.424876, 0.92749, 0.303139, 1.78369
0.639453, 0.42485, 0.92749, 0.303139, 1.7838
0.640234, 0.424822, 0.92749, 0.303139, 1.78392
0.641016, 0.424792, 0.92749, 0.303139, 1.78404
0.641797, 0.42476, 0.92749, 0.303139, 1.78418
0.642578, 0.424726, 0.92749, 0.303139, 1.78432
0.643359, 0.424689, 0.92749, 0.303139, 1.78448
0.644141, 0.424649, 0.92749, 0.303139, 1.78465
0.644922, 0.424605, 0.92749, 0.303139, 1.78483
0.645703, 0.424557, 0.92749, 0.303139, 1.78503
0.646484, 0.424504, 0.92749, 0.303139, 1.78526
0.647266, 0.424445, 0.92749, 0.303139, 1.78551
0.648047, 0.424378, 0.92749, 0.303139, 1.78578
0.648828, 0.424304, 0.92749, 0.303139, 1.7861
0.649609, 0.42422, 0.92749, 0.303139, 1.78645
0.650391, 0.424124, 0.92749, 0.30314, 1.78686
0.651172, 0.424015, 0.92749, 0.30314, 1.78732
0.651953, 0.423891, 0.92749, 0.30314, 1.78784
0.652734, 0.423748, 0.92749, 0.30314, 1.78844
0.653516, 0.423584, 0.92749, 0.30314, 1.78913
0.654297, 0.423397, 0.92749, 0.30314, 1.78993
0.655078, 0.423181, 0.92749, 0.30314, 1.79084
0.655859, 0.422933, 0.92749, 0.30314, 1.79189
0.656641, 0.42265, 0.927491, 0.30314, 1.79309
0.657422, 0.422324, 0.927491, 0.30314, 1.79447
0.658203, 0.421952, 0.927491, 0.30314, 1.79606
0.658984, 0.421528, 0.927491, 0.30314, 1.79786
0.659766, 0.421045, 0.927491, 0.30314, 1.79993
0.660547, 0.420497, 0.927491, 0.30314, 1.80227
0.661328, 0.419876, 0.927491, 0.30314, 1.80494
0.662109, 0.419176, 0.927491, 0.30314, 1.80795
0.662891, 0.418388, 0.927491, 0.30314, 1.81136
0.663672, 0.417506, 0.927491, 0.30314, 1.81519
0.664453, 0.416521, 0.927491, 0.30314, 1.81948
0.665234, 0.415425, 0.927491, 0.30314, 1.82428
0.666016, 0.41421, 0.927491, 0.303141, 1.82963
0.666797, 0.41287, 0.927491, 0.303141, 1.83557
0.667578, 0.411396, 0.927491, 0.303141, 1.84215
0.668359, 0.409782, 0.927491, 0.303141, 1.8494
0.669141, 0.408023, 0.927491, 0.303141, 1.85738
0.669922, 0.406112, 0.927492, 0.303141, 1.86612
0.670703, 0.404045, 0.927492, 0.303141, 1.87566
0.671484, 0.40182, 0.927492, 0.303141, 1.88605
0.672266, 0.399433, 0.927492, 0.303141, 1.89732
0.673047, 0.396885, 0.927492, 0.303141, 1.9095
0.673828, 0.394175, 0.927492, 0.303141, 1.92263
0.674609, 0.391305, 0.927492, 0.303141, 1.93673
0.675391, 0.38828, 0.927492, 0.303141, 1.95182
0.676172, 0.385104, 0.927492, 0.303141, 1.96792
0.676953, 0.381784, 0.927492, 0.303141, 1.98503
0.677734, 0.378328, 0.927492, 0.303141, 2.00316
0.678516, 0.374747, 0.927492, 0.303141, 2.02231
0.679297, 0.37105, 0.927492, 0.303141, 2.04246
0.680078, 0.367251, 0.927492, 0.303141, 2.06359
0.680859, 0.363363, 0.927493, 0.303141, 2.08566
0.681641, 0.359402, 0.927493, 0.303141, 2.10865
0.682422, 0.355382, 0.927493, 0.303142, 2.1325
0.683203, 0.351321, 0.927493, 0.303142, 2.15716
0.683984, 0.347235, 0.927493, 0.303142, 2.18254
0.684766, 0.343141, 0.927493, 0.303142, 2.20858
0.685547, 0.339056, 0.927493, 0.303142, 2.23519
0.686328, 0.334998, 0.927493, 0.303142, 2.26226
0.687109, 0.330983, 0.927493, 0.303142, 2.2897
0.687891, 0.327028, 0.927493, 0.303142, 2.3174
0.688672, 0.323147, 0.927493, 0.303142, 2.34523
0.689453, 0.319355, 0.927493, 0.303142, 2.37308
0.690234, 0.315665, 0.927494, 0.303142, 2.40082
0.691016, 0.312089, 0.927494, 0.303142, 2.42833
0.691797, 0.308639, 0.927494, 0.303142, 2.45547
0.692578, 0.305323, 0.927494, 0.303142, 2.48214
0.693359, 0.302149, 0.927494, 0.303142, 2.50822
0.694141, 0.299123, 0.927494, 0.303142, 2.53359
0.694922, 0.296251, 0.927494, 0.303142, 2.55815
0.695703, 0.293535, 0.927494, 0.303142, 2.58182
0.696484, 0.290978, 0.927494, 0.303142, 2.60451
0.697266, 0.28858, 0.927494, 0.303142, 2.62616
0.698047, 0.28634, 0.927494, 0.303142, 2.6467
0.698828, 0.284256, 0.927495, 0.303142, 2.6661
0.699609, 0.282325, 0.927495, 0.303142, 2.68434
0.700391, 0.280544, 0.927495, 0.303142, 2.70138
0.701172, 0.278906, 0.927495, 0.303143, 2.71725
0.701953, 0.277407, 0.927495, 0.303143, 2.73193
0.702734, 0.27604, 0.927495, 0.303143, 2.74546
0.703516, 0.274799, 0.927495, 0.303143, 2.75786
0.704297, 0.273676, 0.927495, 0.303143, 2.76917
0.705078, 0.272665, 0.927495, 0.303143, 2.77944
0.705859, 0.271758, 0.927495, 0.303143, 2.78872
0.706641, 0.270947, 0.927496, 0.303143, 2.79707
0.707422, 0.270225, 0.927496, 0.303143, 2.80454
0.708203, 0.269585, 0.927496, 0.303143, 2.8112
0.708984, 0.26902, 0.927496, 0.303143, 2.81711
0.709766, 0.268523, 0.927496, 0.303143, 2.82232
0.710547, 0.268088, 0.927496, 0.303143, 2.8269
0.711328, 0.267708, 0.927496, 0.303143, 2.83091
0.712109, 0.267378, 0.927496, 0.303143, 2.8344
0.712891, 0.267093, 0.927496, 0.303143, 2.83743
0.713672, 0.266847, 0.927497, 0.303143, 2.84005
0.714453, 0.266636, 0.927497, 0.303143, 2.84229
0.715234, 0.266456, 0.927497, 0.303143, 2.84422
0.716016, 0.266302, 0.927497, 0.303143, 2.84586
0.716797, 0.266173, 0.927497, 0.303143, 2.84724
0.717578, 0.266063, 0.927497, 0.303143, 2.84842
0.718359, 0.265971, 0.927497, 0.303143, 2.8494
0.719141, 0.265894, 0.927497, 0.303143, 2.85022
0.719922, 0.265831, 0.927497, 0.303143, 2.85091
0.720703, 0.265778, 0.927498, 0.303144, 2.85147
0.721484, 0.265734, 0.927498, 0.303144, 2.85194
0.722266, 0.265699, 0.927498, 0.303144, 2.85232
0.723047, 0.26567, 0.927498, 0.303144, 2.85263
0.723828, 0.265647, 0.927498, 0.303144, 2.85288
0.724609, 0.265628, 0.927498, 0.303144, 2.85309
0.725391, 0.265613, 0.927498, 0.303144, 2.85325
0.726172, 0.265601, 0.927498, 0.303144, 2.85337
0.726953, 0.265592, 0.927498, 0.303144, 2.85347
0.727734, 0.265585, 0.927499, 0.303144, 2.85355
0.728516, 0.265579, 0.927499, 0.303144, 2.85361
0.729297, 0.265575, 0.927499, 0.303144, 2.85365
0.730078, 0.265572, 0.927499, 0.303144, 2.85369
0.730859, 0.26557, 0.927499, 0.303144, 2.85371
0.731641, 0.265569, 0.927499, 0.303144, 2.85372
0.732422, 0.265568, 0.927499, 0.303144, 2.85373
0.733203, 0.265568, 0.9275, 0.303144, 2.85374
0.733984, 0.265567, 0.9275, 0.303144, 2.85374
0.734766, 0.265567, 0.9275, 0.303144, 2.85374
0.735547, 0.265568, 0.9275, 0.303144, 2.85374
0.736328, 0.265568, 0.9275, 0.303144, 2.85374
0.737109, 0.265568, 0.9275, 0.303144, 2.85373
0.737891, 0.265569, 0.9275, 0.303145, 2.85373
0.738672, 0.265569, 0.9275, 0.303145, 2.85372
0.739453, 0.26557, 0.927501, 0.303145, 2.85372
0.740234, 0.26557, 0.927501, 0.303145, 2.85371
0.741016, 0.265571, 0.927501, 0.303145, 2.85371
0.741797, 0.265571, 0.927501, 0.303145, 2.8537
0.742578, 0.265572, 0.927501, 0.303145, 2.8537
0.743359, 0.265572, 0.927501, 0.303145, 2.85369
0.744141, 0.265573, 0.927501, 0.303145, 2.85369
0.744922, 0.265573, 0.927502, 0.303145, 2.85369
0.745703, 0.265574, 0.927502, 0.303145, 2.85368
0.746484, 0.265574, 0.927502, 0.303145, 2.85368
0.747266, 0.265574, 0.927502, 0.303145, 2.85368
0.748047, 0.265575, 0.927502, 0.303145, 2.85367
0.748828, 0.265575, 0.927502, 0.303145, 2.85367
0.749609, 0.265575, 0.927503, 0.303145, 2.85367
0.750391, 0.265576, 0.927503, 0.303145, 2.85366
0.751172, 0.265576, 0.927503, 0.303145, 2.85366
0.751953, 0.265576, 0.927503, 0.303145, 2.85366
0.752734, 0.265576, 0.927503, 0.303146, 2.85366
0.753516, 0.265577, 0.927503, 0.303146, 2.85366
0.754297, 0.265577, 0.927503, 0.303146, 2.85365
0.755078, 0.265577, 0.927504, 0.303146, 2.85365
0.755859, 0.265577, 0.927504, 0.303146, 2.85365
0.756641, 0.265577, 0.927504, 0.303146, 2.85365
0.757422, 0.265578, 0.927504, 0.303146, 2.85365
0.758203, 0.265578, 0.927504, 0.303146, 2.85365
0.758984, 0.265578, 0.927504, 0.303146, 2.85365
0.759766, 0.265578, 0.927505, 0.303146, 2.85364
0.760547, 0.265578, 0.927505, 0.303146, 2.85364
0.761328, 0.265578, 0.927505, 0.303146, 2.85364
0.762109, 0.265578, 0.927505, 0.303146, 2.85364
0.762891, 0.265579, 0.927505, 0.303146, 2.85364
0.763672, 0.265579, 0.927505, 0.303146, 2.85364
0.764453, 0.265579, 0.927506, 0.303146, 2.85364
0.765234, 0.265579, 0.927506, 0.303146, 2.85364
0.766016, 0.265579, 0.927506, 0.303147, 2.85364
0.766797, 0.265579, 0.927506, 0.303147, 2.85364
0.767578, 0.265579, 0.927506, 0.303147, 2.85364
0.768359, 0.265579, 0.927507, 0.303147, 2.85364
0.769141, 0.265579, 0.927507, 0.303147, 2.85364
0.769922, 0.26558, 0.927507, 0.303147, 2.85364
0.770703, 0.26558, 0.927507, 0.303147, 2.85363
0.771484, 0.26558, 0.927507, 0.303147, 2.85363
0.772266, 0.26558, 0.927508, 0.303147, 2.85363
0.773047, 0.26558, 0.927508, 0.303147, 2.85363
0.773828, 0.26558, 0.927508, 0.303147, 2.85363
0.774609, 0.26558, 0.927508, 0.303147, 2.85363
0.775391, 0.26558, 0.927508, 0.303147, 2.85363
0.776172, 0.26558, 0.927509, 0.303147, 2.85363
0.776953, 0.26558, 0.927509, 0.303148, 2.85363
0.777734, 0.26558, 0.927509, 0.303148, 2.85363
0.778516, 0.265581, 0.927509, 0.303148, 2.85363
0.779297, 0.265581, 0.927509, 0.303148, 2.85363
0.780078, 0.265581, 0.92751, 0.303148, 2.85363
0.780859, 0.265581, 0.92751, 0.303148, 2.85363
0.781641, 0.265581, 0.92751, 0.303148, 2.85363
0.782422, 0.265581, 0.92751, 0.303148, 2.85363
0.783203, 0.265581, 0.92751, 0.303148, 2.85363
0.783984, 0.265581, 0.927511, 0.303148, 2.85363
0.784766, 0.265581, 0.927511, 0.303148, 2.85363
0.785547, 0.265581, 0.927511, 0.303148, 2.85363
0.786328, 0.265581, 0.927511, 0.303148, 2.85363
0.787109, 0.265581, 0.927512, 0.303149, 2.85363
0.787891, 0.265582, 0.927512, 0.303149, 2.85363
0.788672, 0.265582, 0.927512, 0.303149, 2.85363
0.789453, 0.265582, 0.927512, 0.303149, 2.85363
0.790234, 0.265582, 0.927513, 0.303149, 2.85363
0.791016, 0.265582, 0.927513, 0.303149, 2.85363
0.791797, 0.265582, 0.927513, 0.303149, 2.85363
0.792578, 0.265582, 0.927513, 0.303149, 2.85363
0.793359, 0.265582, 0.927514, 0.303149, 2.85363
0.794141, 0.265582, 0.927514, 0.303149, 2.85363
0.794922, 0.265582, 0.927514, 0.303149, 2.85363
0.795703, 0.265582, 0.927514, 0.303149, 2.85363
0.796484, 0.265582, 0.927515, 0.30315, 2.85363
0.797266, 0.265582, 0.927515, 0.30315, 2.85363
0.798047, 0.265583, 0.927515, 0.30315, 2.85363
0.798828, 0.265583, 0.927515, 0.30315, 2.85363
0.799609, 0.265583, 0.927516, 0.30315, 2.85363
0.800391, 0.265583, 0.927516, 0.30315, 2.85363
0.801172, 0.265583, 0.927516, 0.30315, 2.85363
0.801953, 0.265583, 0.927517, 0.30315, 2.85363
0.802734, 0.265583, 0.927517, 0.30315, 2.85363
0.803516, 0.265583, 0.927517, 0.30315, 2.85363
0.804297, 0.265583, 0.927517, 0.30315, 2.85363
0.805078, 0.265583, 0.927518, 0.303151, 2.85363
0.805859, 0.265583, 0.927518, 0.303151, 2.85363
0.806641, 0.265583, 0.927518, 0.303151, 2.85363
0.807422, 0.265583, 0.927519, 0.303151, 2.85363
0.808203, 0.265584, 0.927519, 0.303151, 2.85363
0.808984, 0.265584, 0.927519, 0.303151, 2.85363
0.809766, 0.265584, 0.92752, 0.303151, 2.85363
0.810547, 0.265584, 0.92752, 0.303151, 2.85363
0.811328, 0.265584, 0.92752, 0.303151, 2.85363
0.812109, 0.265584, 0.92752, 0.303152, 2.85363
0.812891, 0.265584, 0.927521, 0.303152, 2.85363
0.813672, 0.265584, 0.927521, 0.303152, 2.85363
0.814453, 0.265584, 0.927521, 0.303152, 2.85363
0.815234, 0.265584, 0.927522, 0.303152, 2.85363
0.816016, 0.265584, 0.927522, 0.303152, 2.85363
0.816797, 0.265585, 0.927522, 0.303152, 2.85363
0.817578, 0.265585, 0.927523, 0.303152, 2.85363
0.818359, 0.265585, 0.927523, 0.303152, 2.85363
0.819141, 0.265585, 0.927524, 0.303153, 2.85363
0.819922, 0.265585, 0.927524, 0.303153, 2.85363
0.820703, 0.265585, 0.927524, 0.303153, 2.85363
0.821484, 0.265585, 0.927525, 0.303153, 2.85363
0.822266, 0.265585, 0.927525, 0.303153, 2.85363
0.823047, 0.265585, 0.927525, 0.303153, 2.85363
0.823828, 0.265585, 0.927526, 0.303153, 2.85363
0.824609, 0.265585, 0.927526, 0.303154, 2.85363
0.825391, 0.265586, 0.927527, 0.303154, 2.85363
0.826172, 0.265586, 0.927527, 0.303154, 2.85363
0.826953, 0.265586, 0.927527, 0.303154, 2.85364
0.827734, 0.265586, 0.927528, 0.303154, 2.85364
0.828516, 0.265586, 0.927528, 0.303154, 2.85364
0.829297, 0.265586, 0.927528, 0.303154, 2.85364
0.830078, 0.265586, 0.927528, 0.303154, 2.85364
0.830859, 0.265586, 0.927527, 0.303154, 2.85363
0.831641, 0.265586, 0.927526, 0.303154, 2.85363
0.832422, 0.265585, 0.927525, 0.303153, 2.85363
0.833203, 0.265585, 0.927522, 0.303152, 2.85363
0.833984, 0.265584, 0.927517, 0.30315, 2.85362
0.834766, 0.265582, 0.927508, 0.303148, 2.85362
0.835547, 0.265579, 0.927495, 0.303143, 2.8536
0.836328, 0.265574, 0.927472, 0.303135, 2.85358
0.837109, 0.265567, 0.927436, 0.303123, 2.85355
0.837891, 0.265554, 0.927378, 0.303104, 2.8535
0.838672, 0.265535, 0.927284, 0.303072, 2.85341
0.839453, 0.265503, 0.927132, 0.303021, 2.85328
0.840234, 0.265452, 0.926888, 0.302939, 2.85306
0.841016, 0.265369, 0.926495, 0.302808, 2.8527
0.841797, 0.265237, 0.925864, 0.302596, 2.85213
0.842578, 0.265024, 0.92485, 0.302256, 2.85121
0.843359, 0.264683, 0.923223, 0.301712, 2.84974
0.844141, 0.264137, 0.920611, 0.30084, 2.84738
0.844922, 0.263265, 0.916428, 0.299448, 2.8436
0.845703, 0.261877, 0.909738, 0.297234, 2.83753
0.846484, 0.259681, 0.899077, 0.293736, 2.82785
0.847266, 0.25624, 0.882177, 0.288266, 2.81246
0.848047, 0.250931, 0.85562, 0.279853, 2.78815
0.848828, 0.242937, 0.814487, 0.267252, 2.75022
0.849609, 0.231353, 0.752299, 0.249147, 2.69228
0.850391, 0.21554, 0.662052, 0.224776, 2.60713
0.851172, 0.195823, 0.539903, 0.195075, 2.49045
0.851953, 0.174288, 0.392742, 0.163783, 2.34931
0.852734, 0.154655, 0.244909, 0.136709, 2.20991
0.853516, 0.140296, 0.128749, 0.118147, 2.10532
0.854297, 0.131929, 0.058653, 0.107978, 2.04614
0.855078, 0.127886, 0.0244436, 0.10327, 2.0188
0.855859, 0.126151, 0.0097501, 0.101296, 2.00742
0.856641, 0.125451, 0.00381657, 0.100506, 2.00289
0.857422, 0.125175, 0.00148264, 0.100196, 2.00112
0.858203, 0.125068, 0.000574247, 0.100076, 2.00043
0.858984, 0.125026, 0.000222156, 0.100029, 2.00017
0.859766, 0.12501, 8.59052e-05, 0.100011, 2.00006
0.860547, 0.125004, 3.32129e-05, 0.100004, 2.00003
0.861328, 0.125002, 1.284e-05, 0.100002, 2.00001
0.862109, 0.125001, 4.96374e-06, 0.100001, 2
0.862891, 0.125, 1.91889e-06, 0.1, 2
0.863672, 0.125, 7.41805e-07, 0.1, 2
0.864453, 0.125, 2.86766e-07, 0.1, 2
0.865234, 0.125, 1.10858e-07, 0.1, 2
0.866016, 0.125, 4.28553e-08, 0.1, 2
0.866797, 0.125, 1.65669e-08, 0.1, 2
0.867578, 0.125, 6.40443e-09, 0.1, 2
0.868359, 0.125, 2.47581e-09, 0.1, 2
0.869141, 0.125, 9.57097e-10, 0.1, 2
0.869922, 0.125, 3.69994e-10, 0.1, 2
0.870703, 0.125, 1.43033e-10, 0.1, 2
0.871484, 0.125, 5.52946e-11, 0.1, 2
0.872266, 0.125, 2.13772e-11, 0.1, 2
0.873047, 0.125, 8.26565e-12, 0.1, 2
0.873828, 0.125, 3.19718e-12, 0.1, 2
0.874609, 0.125, 1.23783e-12, 0.1, 2
0.875391, 0.125, 4.80196e-13, 0.1, 2
0.876172, 0.125, 1.87215e-13, 0.1, 2
0.876953, 0.125, 7.38731e-14, 0.1, 2
0.877734, 0.125, 2.99993e-14, 0.1, 2
0.878516, 0.125, 1.29641e-14, 0.1, 2
0.879297, 0.125, 5.16365e-15, 0.1, 2
0.880078, 0.125, 1.22014e-15, 0.1, 2
0.880859, 0.125, 1.11022e-16, 0.1, 2
0.881641, 0.125, 1.11022e-18, 0.1, 2
0.882422, 0.125, 0, 0.1, 2
0.883203, 0.125, 0, 0.1, 2
0.883984, 0.125, 0, 0.1, 2
0.884766, 0.125, 0, 0.1, 2
0.885547, 0.125, 0, 0.1, 2
0.886328, 0.125, 0, 0.1, 2
0.887109, 0.125, 0, 0.1, 2
0.887891, 0.125, 0, 0.1, 2
0.888672, 0.125, 0, 0.1, 2
0.889453, 0.125, 0, 0.1, 2
0.890234, 0.125, 0, 0.1, 2
0.891016, 0.125, 0, 0.1, 2
0.891797, 0.125, 0, 0.1, 2
0.892578, 0.125, 0, 0.1, 2
0.893359, 0.125, 0, 0.1, 2
0.894141, 0.125, 0, 0.1, 2
0.894922, 0.125, 0, 0.1, 2
0.895703, 0.125, 0, 0.1, 2
0.896484, 0.125, 0, 0.1, 2
0.897266, 0.125, 0, 0.1, 2
0.898047, 0.125, 0, 0.1, 2
0.898828, 0.125, 0, 0.1, 2
0.899609, 0.125, 0, 0.1, 2
0.900391, 0.125, 0, 0.1, 2
0.901172, 0.125, 0, 0.1, 2
0.901953, 0.125, 0, 0.1, 2
0.902734, 0.125, 0, 0.1, 2
0.903516, 0.125, 0, 0.1, 2
0.904297, 0.125, 0, 0.1, 2
0.905078, 0.125, 0, 0.1, 2
0.905859, 0.125, 0, 0.1, 2
0.906641, 0.125, 0, 0.1, 2
0.907422, 0.125, 0, 0.1, 2
0.908203, 0.125, 0, 0.1, 2
0.908984, 0.125, 0, 0.1, 2
0.909766, 0.125, 0, 0.1, 2
0.910547, 0.125, 0, 0.1, 2
0.911328, 0.125, 0, 0.1, 2
0.912109, 0.125, 0, 0.1, 2
0.912891, 0.125, 0, 0.1, 2
0.913672, 0.125, 0, 0.1, 2
0.914453, 0.125, 0, 0.1, 2
0.915234, 0.125, 0, 0.1, 2
0.916016, 0.125, 0, 0.1, 2
0.916797, 0.125, 0, 0.1, 2
0.917578, 0.125, 0, 0.1, 2
0.918359, 0.125, 0, 0.1, 2
0.919141, 0.125, 0, 0.1, 2
0.919922, 0.125, 0, 0.1, 2
0.920703, 0.125, 0, 0.1, 2
0.921484, 0.125, 0, 0.1, 2
0.922266, 0.125, 0, 0.1, 2
0.923047, 0.125, 0, 0.1, 2
0.923828, 0.125, 0, 0.1, 2
0.924609, 0.125, 0, 0.1, 2
0.925391, 0.125, 0, 0.1, 2
0.926172, 0.125, 0, 0.1, 2
0.926953, 0.125, 0, 0.1, 2
0.927734, 0.125, 0, 0.1, 2
0.928516, 0.125, 0, 0.1, 2
0.929297, 0.125, 0, 0.1, 2
0.930078, 0.125, 0, 0.1, 2
0.930859, 0.125, 0, 0.1, 2
0.931641, 0.125, 0, 0.1, 2
0.932422, 0.125, 0, 0.1, 2
0.933203, 0.125, 0, 0.1, 2
0.933984, 0.125, 0, 0.1, 2
0.934766, 0.125, 0, 0.1, 2
0.935547, 0.125, 0, 0.1, 2
0.936328, 0.125, 0, 0.1, 2
0.937109, 0.125, 0, 0.1, 2
0.937891, 0.125, 0, 0.1, 2
0.938672, 0.125, 0, 0.1, 2
0.939453, 0.125, 0, 0.1, 2
0.940234, 0.125, 0, 0.1, 2
0.941016, 0.125, 0, 0.1, 2
0.941797, 0.125, 0, 0.1, 2
0.942578, 0.125, 0, 0.1, 2
0.943359, 0.125, 0, 0.1, 2
0.944141, 0.125, 0, 0.1, 2
0.944922, 0.125, 0, 0.1, 2
0.945703, 0.125, 0, 0.1, 2
0.946484, 0.125, 0, 0.1, 2
0.947266, 0.125, 0, 0.1, 2
0.948047, 0.125, 0, 0.1, 2
0.948828, 0.125, 0, 0.1, 2
0.949609, 0.125, 0, 0.1, 2
0.950391, 0.125, 0, 0.1, 2
0.951172, 0.125, 0, 0.1, 2
0.951953, 0.125, 0, 0.1, 2
0.952734, 0.125, 0, 0.1, 2
0.953516, 0.125, 0, 0.1, 2
0.954297, 0.125, 0, 0.1, 2
0.955078, 0.125, 0, 0.1, 2
0.955859, 0.125, 0, 0.1, 2
0.956641, 0.125, 0, 0.1, 2
0.957422, 0.125, 0, 0.1, 2
0.958203, 0.125, 0, 0.1, 2
0.958984, 0.125, 0, 0.1, 2
0.959766, 0.125, 0, 0.1, 2
0.960547, 0.125, 0, 0.1, 2
0.961328, 0.125, 0, 0.1, 2
0.962109, 0.125, 0, 0.1, 2
0.962891, 0.125, 0, 0.1, 2
0.963672, 0.125, 0, 0.1, 2
0.964453, 0.125, 0, 0.1, 2
0.965234, 0.125, 0, 0.1, 2
0.966016, 0.125, 0, 0.1, 2
0.966797, 0.125, 0, 0.1, 2
0.967578, 0.125, 0, 0.1, 2
0.968359, 0.125, 0, 0.1, 2
0.969141, 0.125, 0, 0.1, 2
0.969922, 0.125, 0, 0.1, 2
0.970703, 0.125, 0, 0.1, 2
0.971484, 0.125, 0, 0.1, 2
0.972266, 0.125, 0, 0.1, 2
0.973047, 0.125, 0, 0.1, 2
0.973828, 0.125, 0, 0.1, 2
0.974609, 0.125, 0, 0.1, 2
0.975391, 0.125, 0, 0.1, 2
0.976172, 0.125, 0, 0.1, 2
0.976953, 0.125, 0, 0.1, 2
0.977734, 0.125, 0, 0.1, 2
0.978516, 0.125, 0, 0.1, 2
0.979297, 0.125, 0, 0.1, 2
0.980078, 0.125, 0, 0.1, 2
0.980859, 0.125, 0, 0.1, 2
0.981641, 0.125, 0, 0.1, 2
0.982422, 0.125, 0, 0.1, 2
0.983203, 0.125, 0, 0.1, 2
0.983984, 0.125, 0, 0.1, 2
0.984766, 0.125, 0, 0.1, 2
0.985547, 0.125, 0, 0.1, 2
0.986328, 0.125, 0, 0.1, 2
0.987109, 0.125, 0, 0.1, 2
0.987891, 0.125, 0, 0.1, 2
0.988672, 0.125, 0, 0.1, 2
0.989453, 0.125, 0, 0.1, 2
0.990234, 0.125, 0, 0.1, 2
0.991016, 0.125, 0, 0.1, 2
0.991797, 0.125, 0, 0.1, 2
0.992578, 0.125, 0, 0.1, 2
0.993359, 0.125, 0, 0.1, 2
0.994141, 0.125, 0, 0.1, 2
0.994922, 0.125, 0, 0.1, 2
0.995703, 0.125, 0, 0.1, 2
0.996484, 0.125, 0, 0.1, 2
0.997266, 0.125, 0, 0.1, 2
0.998047, 0.125, 0, 0.1, 2
0.998828, 0.125, 0, 0.1, 2
0.999609, 0.125, 0, 0.1, 2
